     L   A   G   S   V   K   E   T   D   I   R   P   N   F   Q   Y   H   M   C   W   B   Z   X
L    4
A   -1   4
G   -4   0   6
S   -2   1   0   4
V    1   0  -3  -2   4
K   -2  -1  -2   0  -2   5
E   -3  -1  -2   0  -2   1   5
T   -1   0  -2   1   0  -1  -1   5
D   -4  -2  -1   0  -3  -1   2  -1   6
I    2  -1  -4  -2   3  -3  -3  -1  -3   4
R   -2  -1  -2  -1  -3   2   0  -1  -2  -3   5
P   -3  -1  -2  -1  -2  -1  -1  -1  -1  -3  -2   6
N   -3  -2   0   1  -3   0   0   0   1  -3   0  -2   6
F    0  -2  -3  -2  -1  -3  -3  -2  -3   0  -3  -4  -3   6
Q   -2  -1  -2   0  -2   1   2  -1   0  -3   1  -1   0  -3   5
Y   -1  -2  -3  -2  -1  -2  -2  -2  -3  -1  -2  -3  -2   3  -1   6
H   -3  -2  -2  -1  -3  -1   0  -2  -1  -3   0  -2   1  -1   0   2   7
M    2  -1  -3  -1   1  -1  -2  -1  -3   1  -1  -2  -2   0   0  -1  -2   5
C   -1   0  -3  -1  -1  -3  -4  -1  -3  -1  -3  -3  -3  -2  -3  -2  -3  -1   8
W   -2  -3  -2  -3  -3  -3  -3  -2  -4  -3  -3  -4  -4   1  -2   2  -2  -1  -2  10
B   -4  -2  -1   0  -3  -1   1  -1   3  -3  -1  -2   3  -3   0  -3   0  -3  -3  -4   3
Z   -3  -1  -2   0  -2   1   3  -1   1  -3   0  -1   0  -3   3  -2   0  -1  -4  -3   0   3
X   -1  -1  -1  -1  -1  -1  -1  -1  -1  -1  -1  -1  -1  -1  -1  -1  -1  -1  -1  -1  -1  -1  -1
