     L   A   G   S   V   K   E   T   D   I   R   P   N   F   Q   Y   H   M   C   W   B   Z   X 
L    5 
A   -3   3 
G   -5   1   5 
S   -4   1   1   3 
V    1   0  -2  -2   5 
K   -4  -2  -3  -1  -4   5 
E   -4   0  -1  -1  -3  -1   5 
T   -3   1  -1   2   0  -1  -2   4 
D   -5   0   0   0  -3  -1   3  -1   5 
I    1  -1  -4  -2   3  -2  -3   0  -3   6 
R   -4  -3  -4  -1  -3   2  -3  -2  -3  -2   6 
P   -3   1  -2   1  -2  -2  -1  -1  -2  -3  -1   6 
N   -4   0   0   1  -3   1   1   0   2  -2  -1  -2   4 
F    0  -4  -5  -3  -3  -6  -6  -4  -7   0  -4  -5  -4   8 
Q   -2  -1  -3  -2  -3   0   2  -2   1  -3   1   0   0  -6   6 
Y   -3  -4  -6  -3  -3  -6  -4  -3  -5  -2  -6  -6  -2   4  -5   8 
H   -3  -3  -4  -2  -3  -2  -1  -3   0  -4   1  -1   2  -2   3  -1   7 
M    3  -2  -4  -2   1   0  -4  -1  -4   1  -1  -3  -3  -1  -1  -4  -4   8 
C   -7  -3  -5  -1  -2  -7  -7  -3  -7  -3  -4  -3  -5  -6  -7  -1  -4  -6   9 
W   -5  -7  -8  -2  -8  -5  -8  -6  -8  -7   1  -7  -5  -1  -6  -1  -5  -7  -8  12 
B   -5   0   0   0  -3   0   2  -1   3  -3  -2  -2   3  -6   0  -4   1  -4  -6  -7   3 
Z   -3  -1  -2  -2  -3  -1   3  -2   2  -3  -1  -1   0  -6   4  -5   1  -3  -7  -7   1   3 
X   -1  -1  -1  -1  -1  -1  -1  -1  -1  -1  -1  -1  -1  -1  -1  -1  -1  -1  -1  -1  -1  -1  -1 
