     L   A   G   S   V   K   E   T   D   I   R   P   N   F   Q   Y   H   M   C   W   B   Z   X
L    4
A   -1   1
G   -3   1   3
S   -2   1   1   1
V    1   0  -1  -1   3
K   -2  -1  -1   0  -1   3
E   -2   0   0   0  -1   0   3
T   -1   1   0   1   0   0   0   2
D   -3   0   1   0  -1   0   2   0   3
I    1  -1  -2  -1   3  -1  -1   0  -1   3
R   -2  -1  -2   0  -1   2  -1  -1  -1  -1   4
P   -2   1   0   1  -1  -1  -1   0  -1  -1   0   4
N   -2   0   0   1  -1   1   1   0   1  -1   0   0   1
F    1  -2  -3  -2  -1  -3  -3  -2  -4   1  -3  -3  -2   6
Q   -1   0  -1  -1  -1   1   1  -1   1  -1   1   0   1  -3   3
Y   -1  -2  -3  -2  -1  -3  -3  -2  -3  -1  -3  -3  -1   4  -3   6
H   -1  -1  -1  -1  -1   0   1  -1   1  -1   1   0   1  -1   2   0   4
M    3  -1  -2  -1   1   0  -1  -1  -2   1   0  -1  -1   0  -1  -1  -1   4
C   -4  -1  -2   0  -1  -3  -3  -1  -3  -1  -3  -2  -3  -3  -3   0  -2  -3   8
W   -1  -4  -4  -1  -4  -2  -4  -3  -4  -3   1  -4  -3   0  -3   0  -2  -3  -5  11
B   -3   0   0   0  -1   0   1   0   2  -1  -1  -1   1  -3   1  -2   1  -2  -3  -4   1
Z   -2   0  -1  -1  -1   0   2  -1   1  -1   0  -1   1  -3   2  -3   1  -1  -3  -4   1   2
X    0   0   0   0   0   0   0   0   0   0   0   0   0   0   0   0   0   0   0   0   0   0   0
